#
#   cylinder center (0, -35, 319)
#            radius (5), height (10)
#
#
face
	5.000000e+00	-3.000000e+01	3.190000e+02
	5.000000e+00	-3.095492e+01	3.219389e+02
	5.000000e+00	-3.345492e+01	3.237553e+02
	5.000000e+00	-3.654508e+01	3.237553e+02
	5.000000e+00	-3.904508e+01	3.219389e+02
	5.000000e+00	-4.000000e+01	3.190000e+02
	5.000000e+00	-3.904508e+01	3.160611e+02
	5.000000e+00	-3.654508e+01	3.142447e+02
	5.000000e+00	-3.345492e+01	3.142447e+02
	5.000000e+00	-3.095492e+01	3.160611e+02
endf
#
face
	-5.000000e+00	-3.000000e+01	3.190000e+02
	-5.000000e+00	-3.095492e+01	3.160611e+02
	-5.000000e+00	-3.345492e+01	3.142447e+02
	-5.000000e+00	-3.654508e+01	3.142447e+02
	-5.000000e+00	-3.904508e+01	3.160611e+02
	-5.000000e+00	-4.000000e+01	3.190000e+02
	-5.000000e+00	-3.904508e+01	3.219389e+02
	-5.000000e+00	-3.654508e+01	3.237553e+02
	-5.000000e+00	-3.345492e+01	3.237553e+02
	-5.000000e+00	-3.095492e+01	3.219389e+02
endf
#
face
	5.000000e+00	-3.000000e+01	3.190000e+02
	-5.000000e+00	-3.000000e+01	3.190000e+02
	-5.000000e+00	-3.095492e+01	3.219389e+02
	5.000000e+00	-3.095492e+01	3.219389e+02
endf
#
face
	5.000000e+00	-3.095492e+01	3.219389e+02
	-5.000000e+00	-3.095492e+01	3.219389e+02
	-5.000000e+00	-3.345492e+01	3.237553e+02
	5.000000e+00	-3.345492e+01	3.237553e+02
endf
#
face
	5.000000e+00	-3.345492e+01	3.237553e+02
	-5.000000e+00	-3.345492e+01	3.237553e+02
	-5.000000e+00	-3.654508e+01	3.237553e+02
	5.000000e+00	-3.654508e+01	3.237553e+02
endf
#
face
	5.000000e+00	-3.654508e+01	3.237553e+02
	-5.000000e+00	-3.654508e+01	3.237553e+02
	-5.000000e+00	-3.904508e+01	3.219389e+02
	5.000000e+00	-3.904508e+01	3.219389e+02
endf
#
face
	5.000000e+00	-3.904508e+01	3.219389e+02
	-5.000000e+00	-3.904508e+01	3.219389e+02
	-5.000000e+00	-4.000000e+01	3.190000e+02
	5.000000e+00	-4.000000e+01	3.190000e+02
endf
#
face
	5.000000e+00	-4.000000e+01	3.190000e+02
	-5.000000e+00	-4.000000e+01	3.190000e+02
	-5.000000e+00	-3.904508e+01	3.160611e+02
	5.000000e+00	-3.904508e+01	3.160611e+02
endf
#
face
	5.000000e+00	-3.904508e+01	3.160611e+02
	-5.000000e+00	-3.904508e+01	3.160611e+02
	-5.000000e+00	-3.654508e+01	3.142447e+02
	5.000000e+00	-3.654508e+01	3.142447e+02
endf
#
face
	5.000000e+00	-3.654508e+01	3.142447e+02
	-5.000000e+00	-3.654508e+01	3.142447e+02
	-5.000000e+00	-3.345492e+01	3.142447e+02
	5.000000e+00	-3.345492e+01	3.142447e+02
endf
#
face
	5.000000e+00	-3.345492e+01	3.142447e+02
	-5.000000e+00	-3.345492e+01	3.142447e+02
	-5.000000e+00	-3.095492e+01	3.160611e+02
	5.000000e+00	-3.095492e+01	3.160611e+02
endf
#
face
	5.000000e+00	-3.095492e+01	3.160611e+02
	-5.000000e+00	-3.095492e+01	3.160611e+02
	-5.000000e+00	-3.000000e+01	3.190000e+02
	5.000000e+00	-3.000000e+01	3.190000e+02
endf
#
