#
#   cylinder center (0, -12, 377)
#            radius (20), height (40)
#
#
face
	2.000000e+01	8.000000e+00	3.770000e+02
	2.000000e+01	6.477591e+00	3.846537e+02
	2.000000e+01	2.142136e+00	3.911421e+02
	2.000000e+01	-4.346331e+00	3.954776e+02
	2.000000e+01	-1.200000e+01	3.970000e+02
	2.000000e+01	-1.965367e+01	3.954776e+02
	2.000000e+01	-2.614214e+01	3.911421e+02
	2.000000e+01	-3.047759e+01	3.846537e+02
	2.000000e+01	-3.200000e+01	3.770000e+02
	2.000000e+01	-3.047759e+01	3.693463e+02
	2.000000e+01	-2.614214e+01	3.628579e+02
	2.000000e+01	-1.965367e+01	3.585224e+02
	2.000000e+01	-1.200000e+01	3.570000e+02
	2.000000e+01	-4.346331e+00	3.585224e+02
	2.000000e+01	2.142136e+00	3.628579e+02
	2.000000e+01	6.477591e+00	3.693463e+02
endf
#
face
	-2.000000e+01	8.000000e+00	3.770000e+02
	-2.000000e+01	6.477591e+00	3.693463e+02
	-2.000000e+01	2.142136e+00	3.628579e+02
	-2.000000e+01	-4.346331e+00	3.585224e+02
	-2.000000e+01	-1.200000e+01	3.570000e+02
	-2.000000e+01	-1.965367e+01	3.585224e+02
	-2.000000e+01	-2.614214e+01	3.628579e+02
	-2.000000e+01	-3.047759e+01	3.693463e+02
	-2.000000e+01	-3.200000e+01	3.770000e+02
	-2.000000e+01	-3.047759e+01	3.846537e+02
	-2.000000e+01	-2.614214e+01	3.911421e+02
	-2.000000e+01	-1.965367e+01	3.954776e+02
	-2.000000e+01	-1.200000e+01	3.970000e+02
	-2.000000e+01	-4.346331e+00	3.954776e+02
	-2.000000e+01	2.142136e+00	3.911421e+02
	-2.000000e+01	6.477591e+00	3.846537e+02
endf
#
face
	2.000000e+01	8.000000e+00	3.770000e+02
	-2.000000e+01	8.000000e+00	3.770000e+02
	-2.000000e+01	6.477591e+00	3.846537e+02
	2.000000e+01	6.477591e+00	3.846537e+02
endf
#
face
	2.000000e+01	6.477591e+00	3.846537e+02
	-2.000000e+01	6.477591e+00	3.846537e+02
	-2.000000e+01	2.142136e+00	3.911421e+02
	2.000000e+01	2.142136e+00	3.911421e+02
endf
#
face
	2.000000e+01	2.142136e+00	3.911421e+02
	-2.000000e+01	2.142136e+00	3.911421e+02
	-2.000000e+01	-4.346331e+00	3.954776e+02
	2.000000e+01	-4.346331e+00	3.954776e+02
endf
#
face
	2.000000e+01	-4.346331e+00	3.954776e+02
	-2.000000e+01	-4.346331e+00	3.954776e+02
	-2.000000e+01	-1.200000e+01	3.970000e+02
	2.000000e+01	-1.200000e+01	3.970000e+02
endf
#
face
	2.000000e+01	-1.200000e+01	3.970000e+02
	-2.000000e+01	-1.200000e+01	3.970000e+02
	-2.000000e+01	-1.965367e+01	3.954776e+02
	2.000000e+01	-1.965367e+01	3.954776e+02
endf
#
face
	2.000000e+01	-1.965367e+01	3.954776e+02
	-2.000000e+01	-1.965367e+01	3.954776e+02
	-2.000000e+01	-2.614214e+01	3.911421e+02
	2.000000e+01	-2.614214e+01	3.911421e+02
endf
#
face
	2.000000e+01	-2.614214e+01	3.911421e+02
	-2.000000e+01	-2.614214e+01	3.911421e+02
	-2.000000e+01	-3.047759e+01	3.846537e+02
	2.000000e+01	-3.047759e+01	3.846537e+02
endf
#
face
	2.000000e+01	-3.047759e+01	3.846537e+02
	-2.000000e+01	-3.047759e+01	3.846537e+02
	-2.000000e+01	-3.200000e+01	3.770000e+02
	2.000000e+01	-3.200000e+01	3.770000e+02
endf
#
face
	2.000000e+01	-3.200000e+01	3.770000e+02
	-2.000000e+01	-3.200000e+01	3.770000e+02
	-2.000000e+01	-3.047759e+01	3.693463e+02
	2.000000e+01	-3.047759e+01	3.693463e+02
endf
#
face
	2.000000e+01	-3.047759e+01	3.693463e+02
	-2.000000e+01	-3.047759e+01	3.693463e+02
	-2.000000e+01	-2.614214e+01	3.628579e+02
	2.000000e+01	-2.614214e+01	3.628579e+02
endf
#
face
	2.000000e+01	-2.614214e+01	3.628579e+02
	-2.000000e+01	-2.614214e+01	3.628579e+02
	-2.000000e+01	-1.965367e+01	3.585224e+02
	2.000000e+01	-1.965367e+01	3.585224e+02
endf
#
face
	2.000000e+01	-1.965367e+01	3.585224e+02
	-2.000000e+01	-1.965367e+01	3.585224e+02
	-2.000000e+01	-1.200000e+01	3.570000e+02
	2.000000e+01	-1.200000e+01	3.570000e+02
endf
#
face
	2.000000e+01	-1.200000e+01	3.570000e+02
	-2.000000e+01	-1.200000e+01	3.570000e+02
	-2.000000e+01	-4.346331e+00	3.585224e+02
	2.000000e+01	-4.346331e+00	3.585224e+02
endf
#
face
	2.000000e+01	-4.346331e+00	3.585224e+02
	-2.000000e+01	-4.346331e+00	3.585224e+02
	-2.000000e+01	2.142136e+00	3.628579e+02
	2.000000e+01	2.142136e+00	3.628579e+02
endf
#
face
	2.000000e+01	2.142136e+00	3.628579e+02
	-2.000000e+01	2.142136e+00	3.628579e+02
	-2.000000e+01	6.477591e+00	3.693463e+02
	2.000000e+01	6.477591e+00	3.693463e+02
endf
#
face
	2.000000e+01	6.477591e+00	3.693463e+02
	-2.000000e+01	6.477591e+00	3.693463e+02
	-2.000000e+01	8.000000e+00	3.770000e+02
	2.000000e+01	8.000000e+00	3.770000e+02
endf
#
