#
#  rectanglar center (0, 0, 0)
#             length (500, 300, 10)
#
color grey
#
face
	250	150	-95
	-250	150	-95
	-250	-150	-95
	250	-150	-95
endf
#
face
	250	150	-105
	250	-150	-105
	-250	-150	-105
	-250	150	-105
endf
#
face
	250	150	-95
	250	150	-105
	-250	150	-105
	-250	150	-95
endf
#
face
	250	-150	-95
	-250	-150	-95
	-250	-150	-105
	250	-150	-105
endf
#
face
	250	150	-95
	250	-150	-95
	250	-150	-105
	250	150	-105
endf
#
face
	-250	150	-95
	-250	150	-105
	-250	-150	-105
	-250	-150	-95
endf
#
#
#   cylinder center (-150, 0, 155)
#            radius (20), height (300)
#
#
color darkgrey
#
face
	-150	20	205
	-157.6537	18.47759	205
	-164.1421	14.14214	205
	-168.4776	7.653669	205
	-170	1.224606e-15	205
	-168.4776	-7.653669	205
	-164.1421	-14.14214	205
	-157.6537	-18.47759	205
	-150	-20	205
	-142.3463	-18.47759	205
	-135.8579	-14.14214	205
	-131.5224	-7.653669	205
	-130	-3.673819e-15	205
	-131.5224	7.653669	205
	-135.8579	14.14214	205
	-142.3463	18.47759	205
endf
#
face
	-150	20	-95
	-142.3463	18.47759	-95
	-135.8579	14.14214	-95
	-131.5224	7.653669	-95
	-130	1.224606e-15	-95
	-131.5224	-7.653669	-95
	-135.8579	-14.14214	-95
	-142.3463	-18.47759	-95
	-150	-20	-95
	-157.6537	-18.47759	-95
	-164.1421	-14.14214	-95
	-168.4776	-7.653669	-95
	-170	-3.673819e-15	-95
	-168.4776	7.653669	-95
	-164.1421	14.14214	-95
	-157.6537	18.47759	-95
endf
#
face
	-150	20	205
	-150	20	-95
	-157.6537	18.47759	-95
	-157.6537	18.47759	205
endf
#
face
	-157.6537	18.47759	205
	-157.6537	18.47759	-95
	-164.1421	14.14214	-95
	-164.1421	14.14214	205
endf
#
face
	-164.1421	14.14214	205
	-164.1421	14.14214	-95
	-168.4776	7.653669	-95
	-168.4776	7.653669	205
endf
#
face
	-168.4776	7.653669	205
	-168.4776	7.653669	-95
	-170	1.224606e-15	-95
	-170	1.224606e-15	205
endf
#
face
	-170	1.224606e-15	205
	-170	1.224606e-15	-95
	-168.4776	-7.653669	-95
	-168.4776	-7.653669	205
endf
#
face
	-168.4776	-7.653669	205
	-168.4776	-7.653669	-95
	-164.1421	-14.14214	-95
	-164.1421	-14.14214	205
endf
#
face
	-164.1421	-14.14214	205
	-164.1421	-14.14214	-95
	-157.6537	-18.47759	-95
	-157.6537	-18.47759	205
endf
#
face
	-157.6537	-18.47759	205
	-157.6537	-18.47759	-95
	-150	-20	-95
	-150	-20	205
endf
#
face
	-150	-20	205
	-150	-20	-95
	-142.3463	-18.47759	-95
	-142.3463	-18.47759	205
endf
#
face
	-142.3463	-18.47759	205
	-142.3463	-18.47759	-95
	-135.8579	-14.14214	-95
	-135.8579	-14.14214	205
endf
#
face
	-135.8579	-14.14214	205
	-135.8579	-14.14214	-95
	-131.5224	-7.653669	-95
	-131.5224	-7.653669	205
endf
#
face
	-131.5224	-7.653669	205
	-131.5224	-7.653669	-95
	-130	-3.673819e-15	-95
	-130	-3.673819e-15	205
endf
#
face
	-130	-3.673819e-15	205
	-130	-3.673819e-15	-95
	-131.5224	7.653669	-95
	-131.5224	7.653669	205
endf
#
face
	-131.5224	7.653669	205
	-131.5224	7.653669	-95
	-135.8579	14.14214	-95
	-135.8579	14.14214	205
endf
#
face
	-135.8579	14.14214	205
	-135.8579	14.14214	-95
	-142.3463	18.47759	-95
	-142.3463	18.47759	205
endf
#
face
	-142.3463	18.47759	205
	-142.3463	18.47759	-95
	-150	20	-95
	-150	20	205
endf
#
#
#   cylinder center (150, 0, 155)
#            radius (20), height (300)
#
#
color darkgrey
#
face
	150	20	205
	142.3463	18.47759	205
	135.8579	14.14214	205
	131.5224	7.653669	205
	130	1.224606e-15	205
	131.5224	-7.653669	205
	135.8579	-14.14214	205
	142.3463	-18.47759	205
	150	-20	205
	157.6537	-18.47759	205
	164.1421	-14.14214	205
	168.4776	-7.653669	205
	170	-3.673819e-15	205
	168.4776	7.653669	205
	164.1421	14.14214	205
	157.6537	18.47759	205
endf
#
face
	150	20	-95
	157.6537	18.47759	-95
	164.1421	14.14214	-95
	168.4776	7.653669	-95
	170	1.224606e-15	-95
	168.4776	-7.653669	-95
	164.1421	-14.14214	-95
	157.6537	-18.47759	-95
	150	-20	-95
	142.3463	-18.47759	-95
	135.8579	-14.14214	-95
	131.5224	-7.653669	-95
	130	-3.673819e-15	-95
	131.5224	7.653669	-95
	135.8579	14.14214	-95
	142.3463	18.47759	-95
endf
#
face
	150	20	205
	150	20	-95
	142.3463	18.47759	-95
	142.3463	18.47759	205
endf
#
face
	142.3463	18.47759	205
	142.3463	18.47759	-95
	135.8579	14.14214	-95
	135.8579	14.14214	205
endf
#
face
	135.8579	14.14214	205
	135.8579	14.14214	-95
	131.5224	7.653669	-95
	131.5224	7.653669	205
endf
#
face
	131.5224	7.653669	205
	131.5224	7.653669	-95
	130	1.224606e-15	-95
	130	1.224606e-15	205
endf
#
face
	130	1.224606e-15	205
	130	1.224606e-15	-95
	131.5224	-7.653669	-95
	131.5224	-7.653669	205
endf
#
face
	131.5224	-7.653669	205
	131.5224	-7.653669	-95
	135.8579	-14.14214	-95
	135.8579	-14.14214	205
endf
#
face
	135.8579	-14.14214	205
	135.8579	-14.14214	-95
	142.3463	-18.47759	-95
	142.3463	-18.47759	205
endf
#
face
	142.3463	-18.47759	205
	142.3463	-18.47759	-95
	150	-20	-95
	150	-20	205
endf
#
face
	150	-20	205
	150	-20	-95
	157.6537	-18.47759	-95
	157.6537	-18.47759	205
endf
#
face
	157.6537	-18.47759	205
	157.6537	-18.47759	-95
	164.1421	-14.14214	-95
	164.1421	-14.14214	205
endf
#
face
	164.1421	-14.14214	205
	164.1421	-14.14214	-95
	168.4776	-7.653669	-95
	168.4776	-7.653669	205
endf
#
face
	168.4776	-7.653669	205
	168.4776	-7.653669	-95
	170	-3.673819e-15	-95
	170	-3.673819e-15	205
endf
#
face
	170	-3.673819e-15	205
	170	-3.673819e-15	-95
	168.4776	7.653669	-95
	168.4776	7.653669	205
endf
#
face
	168.4776	7.653669	205
	168.4776	7.653669	-95
	164.1421	14.14214	-95
	164.1421	14.14214	205
endf
#
face
	164.1421	14.14214	205
	164.1421	14.14214	-95
	157.6537	18.47759	-95
	157.6537	18.47759	205
endf
#
face
	157.6537	18.47759	205
	157.6537	18.47759	-95
	150	20	-95
	150	20	205
endf
#
#
#  rectanglar center (0, 0, 330)
#             length (400, 60, 60)
#
color lightgrey
#
face
	200	30	260
	-200	30	260
	-200	-30	260
	200	-30	260
endf
#
face
	200	30	200
	200	-30	200
	-200	-30	200
	-200	30	200
endf
#
face
	200	30	260
	200	30	200
	-200	30	200
	-200	30	260
endf
#
face
	200	-30	260
	-200	-30	260
	-200	-30	200
	200	-30	200
endf
#
face
	200	30	260
	200	-30	260
	200	-30	200
	200	30	200
endf
#
face
	-200	30	260
	-200	30	200
	-200	-30	200
	-200	-30	260
endf
#
