#
#   cylinder center (0, -35, 380)
#            radius (5), height (10)
#
#
color blue
#
face
	6.123032e-16	-4.000000e+01	3.750000e+02
	2.938926e+00	-4.000000e+01	3.759549e+02
	4.755283e+00	-4.000000e+01	3.784549e+02
	4.755283e+00	-4.000000e+01	3.815451e+02
	2.938926e+00	-4.000000e+01	3.840451e+02
	6.123032e-16	-4.000000e+01	3.850000e+02
	-2.938926e+00	-4.000000e+01	3.840451e+02
	-4.755283e+00	-4.000000e+01	3.815451e+02
	-4.755283e+00	-4.000000e+01	3.784549e+02
	-2.938926e+00	-4.000000e+01	3.759549e+02
endf
#
face
	0.000000e+00	-3.000000e+01	3.750000e+02
	-2.938926e+00	-3.000000e+01	3.759549e+02
	-4.755283e+00	-3.000000e+01	3.784549e+02
	-4.755283e+00	-3.000000e+01	3.815451e+02
	-2.938926e+00	-3.000000e+01	3.840451e+02
	-1.224606e-15	-3.000000e+01	3.850000e+02
	2.938926e+00	-3.000000e+01	3.840451e+02
	4.755283e+00	-3.000000e+01	3.815451e+02
	4.755283e+00	-3.000000e+01	3.784549e+02
	2.938926e+00	-3.000000e+01	3.759549e+02
endf
#
face
	6.123032e-16	-4.000000e+01	3.750000e+02
	0.000000e+00	-3.000000e+01	3.750000e+02
	2.938926e+00	-3.000000e+01	3.759549e+02
	2.938926e+00	-4.000000e+01	3.759549e+02
endf
#
face
	2.938926e+00	-4.000000e+01	3.759549e+02
	2.938926e+00	-3.000000e+01	3.759549e+02
	4.755283e+00	-3.000000e+01	3.784549e+02
	4.755283e+00	-4.000000e+01	3.784549e+02
endf
#
face
	4.755283e+00	-4.000000e+01	3.784549e+02
	4.755283e+00	-3.000000e+01	3.784549e+02
	4.755283e+00	-3.000000e+01	3.815451e+02
	4.755283e+00	-4.000000e+01	3.815451e+02
endf
#
face
	4.755283e+00	-4.000000e+01	3.815451e+02
	4.755283e+00	-3.000000e+01	3.815451e+02
	2.938926e+00	-3.000000e+01	3.840451e+02
	2.938926e+00	-4.000000e+01	3.840451e+02
endf
#
face
	2.938926e+00	-4.000000e+01	3.840451e+02
	2.938926e+00	-3.000000e+01	3.840451e+02
	0.000000e+00	-3.000000e+01	3.850000e+02
	6.123032e-16	-4.000000e+01	3.850000e+02
endf
#
face
	6.123032e-16	-4.000000e+01	3.850000e+02
	0.000000e+00	-3.000000e+01	3.850000e+02
	-2.938926e+00	-3.000000e+01	3.840451e+02
	-2.938926e+00	-4.000000e+01	3.840451e+02
endf
#
face
	-2.938926e+00	-4.000000e+01	3.840451e+02
	-2.938926e+00	-3.000000e+01	3.840451e+02
	-4.755283e+00	-3.000000e+01	3.815451e+02
	-4.755283e+00	-4.000000e+01	3.815451e+02
endf
#
face
	-4.755283e+00	-4.000000e+01	3.815451e+02
	-4.755283e+00	-3.000000e+01	3.815451e+02
	-4.755283e+00	-3.000000e+01	3.784549e+02
	-4.755283e+00	-4.000000e+01	3.784549e+02
endf
#
face
	-4.755283e+00	-4.000000e+01	3.784549e+02
	-4.755283e+00	-3.000000e+01	3.784549e+02
	-2.938926e+00	-3.000000e+01	3.759549e+02
	-2.938926e+00	-4.000000e+01	3.759549e+02
endf
#
face
	-2.938926e+00	-4.000000e+01	3.759549e+02
	-2.938926e+00	-3.000000e+01	3.759549e+02
	-1.224606e-15	-3.000000e+01	3.750000e+02
	-6.123032e-16	-4.000000e+01	3.750000e+02
endf
#
