#箱２つがくるくるまわるやつ 
 0.000000e+00 0.000000e+00 6.000000e+02 0.000000e+00 
 1.745329e-02 1.745241e-02 5.991777e+02 1.570079e+01 
 3.490659e-02 3.489950e-02 5.967131e+02 3.135854e+01 
 5.235988e-02 5.233596e-02 5.926130e+02 4.693034e+01 
 6.981317e-02 6.975647e-02 5.868886e+02 6.237351e+01 
 8.726646e-02 8.715574e-02 5.795555e+02 7.764571e+01 
 1.047198e-01 1.045285e-01 5.706339e+02 9.270510e+01 
 1.221730e-01 1.218693e-01 5.601483e+02 1.075104e+02 
 1.396263e-01 1.391731e-01 5.481273e+02 1.220210e+02 
 1.570796e-01 1.564345e-01 5.346039e+02 1.361971e+02 
 1.745329e-01 1.736482e-01 5.196152e+02 1.500000e+02 
 1.919862e-01 1.908090e-01 5.032023e+02 1.633917e+02 
 2.094395e-01 2.079117e-01 4.854102e+02 1.763356e+02 
 2.268928e-01 2.249511e-01 4.662876e+02 1.887961e+02 
 2.443461e-01 2.419219e-01 4.458869e+02 2.007392e+02 
 2.617994e-01 2.588190e-01 4.242641e+02 2.121320e+02 
 2.792527e-01 2.756374e-01 4.014784e+02 2.229434e+02 
 2.967060e-01 2.923717e-01 3.775922e+02 2.331438e+02 
 3.141593e-01 3.090170e-01 3.526712e+02 2.427051e+02 
 3.316126e-01 3.255682e-01 3.267834e+02 2.516012e+02 
 3.490659e-01 3.420201e-01 3.000000e+02 2.598076e+02 
 3.665191e-01 3.583679e-01 2.723943e+02 2.673020e+02 
 3.839724e-01 3.746066e-01 2.440420e+02 2.740636e+02 
 4.014257e-01 3.907311e-01 2.150208e+02 2.800741e+02 
 4.188790e-01 4.067366e-01 1.854102e+02 2.853170e+02 
 4.363323e-01 4.226183e-01 1.552914e+02 2.897777e+02 
 4.537856e-01 4.383711e-01 1.247470e+02 2.934443e+02 
 4.712389e-01 4.539905e-01 9.386068e+01 2.963065e+02 
 4.886922e-01 4.694716e-01 6.271708e+01 2.983566e+02 
 5.061455e-01 4.848096e-01 3.140157e+01 2.995889e+02 
 5.235988e-01 5.000000e-01 8.360988e-13 3.000000e+02 
 5.410521e-01 5.150381e-01 -3.140157e+01 2.995889e+02 
 5.585054e-01 5.299193e-01 -6.271708e+01 2.983566e+02 
 5.759587e-01 5.446390e-01 -9.386068e+01 2.963065e+02 
 5.934119e-01 5.591929e-01 -1.247470e+02 2.934443e+02 
 6.108652e-01 5.735764e-01 -1.552914e+02 2.897777e+02 
 6.283185e-01 5.877853e-01 -1.854102e+02 2.853170e+02 
 6.457718e-01 6.018150e-01 -2.150208e+02 2.800741e+02 
 6.632251e-01 6.156615e-01 -2.440420e+02 2.740636e+02 
 6.806784e-01 6.293204e-01 -2.723943e+02 2.673020e+02 
 6.981317e-01 6.427876e-01 -3.000000e+02 2.598076e+02 
 7.155850e-01 6.560590e-01 -3.267834e+02 2.516012e+02 
 7.330383e-01 6.691306e-01 -3.526712e+02 2.427051e+02 
 7.504916e-01 6.819984e-01 -3.775922e+02 2.331438e+02 
 7.679449e-01 6.946584e-01 -4.014784e+02 2.229434e+02 
 7.853982e-01 7.071068e-01 -4.242641e+02 2.121320e+02 
 8.028515e-01 7.193398e-01 -4.458869e+02 2.007392e+02 
 8.203047e-01 7.313537e-01 -4.662876e+02 1.887961e+02 
 8.377580e-01 7.431448e-01 -4.854102e+02 1.763356e+02 
 8.552113e-01 7.547096e-01 -5.032023e+02 1.633917e+02 
 8.726646e-01 7.660444e-01 -5.196152e+02 1.500000e+02 
 8.901179e-01 7.771460e-01 -5.346039e+02 1.361971e+02 
 9.075712e-01 7.880108e-01 -5.481273e+02 1.220210e+02 
 9.250245e-01 7.986355e-01 -5.601483e+02 1.075104e+02 
 9.424778e-01 8.090170e-01 -5.706339e+02 9.270510e+01 
 9.599311e-01 8.191520e-01 -5.795555e+02 7.764571e+01 
 9.773844e-01 8.290376e-01 -5.868886e+02 6.237351e+01 
 9.948377e-01 8.386706e-01 -5.926130e+02 4.693034e+01 
 1.012291e+00 8.480481e-01 -5.967131e+02 3.135854e+01 
 1.029744e+00 8.571673e-01 -5.991777e+02 1.570079e+01 
 1.047198e+00 8.660254e-01 -6.000000e+02 8.360988e-13 
 1.064651e+00 8.746197e-01 -5.991777e+02 -1.570079e+01 
 1.082104e+00 8.829476e-01 -5.967131e+02 -3.135854e+01 
 1.099557e+00 8.910065e-01 -5.926130e+02 -4.693034e+01 
 1.117011e+00 8.987940e-01 -5.868886e+02 -6.237351e+01 
 1.134464e+00 9.063078e-01 -5.795555e+02 -7.764571e+01 
 1.151917e+00 9.135455e-01 -5.706339e+02 -9.270510e+01 
 1.169371e+00 9.205049e-01 -5.601483e+02 -1.075104e+02 
 1.186824e+00 9.271839e-01 -5.481273e+02 -1.220210e+02 
 1.204277e+00 9.335804e-01 -5.346039e+02 -1.361971e+02 
 1.221730e+00 9.396926e-01 -5.196152e+02 -1.500000e+02 
 1.239184e+00 9.455186e-01 -5.032023e+02 -1.633917e+02 
 1.256637e+00 9.510565e-01 -4.854102e+02 -1.763356e+02 
 1.274090e+00 9.563048e-01 -4.662876e+02 -1.887961e+02 
 1.291544e+00 9.612617e-01 -4.458869e+02 -2.007392e+02 
 1.308997e+00 9.659258e-01 -4.242641e+02 -2.121320e+02 
 1.326450e+00 9.702957e-01 -4.014784e+02 -2.229434e+02 
 1.343904e+00 9.743701e-01 -3.775922e+02 -2.331438e+02 
 1.361357e+00 9.781476e-01 -3.526712e+02 -2.427051e+02 
 1.378810e+00 9.816272e-01 -3.267834e+02 -2.516012e+02 
 1.396263e+00 9.848078e-01 -3.000000e+02 -2.598076e+02 
 1.413717e+00 9.876883e-01 -2.723943e+02 -2.673020e+02 
 1.431170e+00 9.902681e-01 -2.440420e+02 -2.740636e+02 
 1.448623e+00 9.925462e-01 -2.150208e+02 -2.800741e+02 
 1.466077e+00 9.945219e-01 -1.854102e+02 -2.853170e+02 
 1.483530e+00 9.961947e-01 -1.552914e+02 -2.897777e+02 
 1.500983e+00 9.975641e-01 -1.247470e+02 -2.934443e+02 
 1.518436e+00 9.986295e-01 -9.386068e+01 -2.963065e+02 
 1.535890e+00 9.993908e-01 -6.271708e+01 -2.983566e+02 
 1.553343e+00 9.998477e-01 -3.140157e+01 -2.995889e+02 
 1.570796e+00 1.000000e+00 -2.774750e-12 -3.000000e+02 
 1.588250e+00 9.998477e-01 3.140157e+01 -2.995889e+02 
 1.605703e+00 9.993908e-01 6.271708e+01 -2.983566e+02 
 1.623156e+00 9.986295e-01 9.386068e+01 -2.963065e+02 
 1.640609e+00 9.975641e-01 1.247470e+02 -2.934443e+02 
 1.658063e+00 9.961947e-01 1.552914e+02 -2.897777e+02 
 1.675516e+00 9.945219e-01 1.854102e+02 -2.853170e+02 
 1.692969e+00 9.925462e-01 2.150208e+02 -2.800741e+02 
 1.710423e+00 9.902681e-01 2.440420e+02 -2.740636e+02 
 1.727876e+00 9.876883e-01 2.723943e+02 -2.673020e+02 
 1.745329e+00 9.848078e-01 3.000000e+02 -2.598076e+02 
 1.762783e+00 9.816272e-01 3.267834e+02 -2.516012e+02 
 1.780236e+00 9.781476e-01 3.526712e+02 -2.427051e+02 
 1.797689e+00 9.743701e-01 3.775922e+02 -2.331438e+02 
 1.815142e+00 9.702957e-01 4.014784e+02 -2.229434e+02 
 1.832596e+00 9.659258e-01 4.242641e+02 -2.121320e+02 
 1.850049e+00 9.612617e-01 4.458869e+02 -2.007392e+02 
 1.867502e+00 9.563048e-01 4.662876e+02 -1.887961e+02 
 1.884956e+00 9.510565e-01 4.854102e+02 -1.763356e+02 
 1.902409e+00 9.455186e-01 5.032023e+02 -1.633917e+02 
 1.919862e+00 9.396926e-01 5.196152e+02 -1.500000e+02 
 1.937315e+00 9.335804e-01 5.346039e+02 -1.361971e+02 
 1.954769e+00 9.271839e-01 5.481273e+02 -1.220210e+02 
 1.972222e+00 9.205049e-01 5.601483e+02 -1.075104e+02 
 1.989675e+00 9.135455e-01 5.706339e+02 -9.270510e+01 
 2.007129e+00 9.063078e-01 5.795555e+02 -7.764571e+01 
 2.024582e+00 8.987940e-01 5.868886e+02 -6.237351e+01 
 2.042035e+00 8.910065e-01 5.926130e+02 -4.693034e+01 
 2.059489e+00 8.829476e-01 5.967131e+02 -3.135854e+01 
 2.076942e+00 8.746197e-01 5.991777e+02 -1.570079e+01 
 2.094395e+00 8.660254e-01 6.000000e+02 -1.672198e-12 
 2.111848e+00 8.571673e-01 5.991777e+02 1.570079e+01 
 2.129302e+00 8.480481e-01 5.967131e+02 3.135854e+01 
 2.146755e+00 8.386706e-01 5.926130e+02 4.693034e+01 
 2.164208e+00 8.290376e-01 5.868886e+02 6.237351e+01 
 2.181662e+00 8.191520e-01 5.795555e+02 7.764571e+01 
 2.199115e+00 8.090170e-01 5.706339e+02 9.270510e+01 
 2.216568e+00 7.986355e-01 5.601483e+02 1.075104e+02 
 2.234021e+00 7.880108e-01 5.481273e+02 1.220210e+02 
 2.251475e+00 7.771460e-01 5.346039e+02 1.361971e+02 
 2.268928e+00 7.660444e-01 5.196152e+02 1.500000e+02 
 2.286381e+00 7.547096e-01 5.032023e+02 1.633917e+02 
 2.303835e+00 7.431448e-01 4.854102e+02 1.763356e+02 
 2.321288e+00 7.313537e-01 4.662876e+02 1.887961e+02 
 2.338741e+00 7.193398e-01 4.458869e+02 2.007392e+02 
 2.356194e+00 7.071068e-01 4.242641e+02 2.121320e+02 
 2.373648e+00 6.946584e-01 4.014784e+02 2.229434e+02 
 2.391101e+00 6.819984e-01 3.775922e+02 2.331438e+02 
 2.408554e+00 6.691306e-01 3.526712e+02 2.427051e+02 
 2.426008e+00 6.560590e-01 3.267834e+02 2.516012e+02 
 2.443461e+00 6.427876e-01 3.000000e+02 2.598076e+02 
 2.460914e+00 6.293204e-01 2.723943e+02 2.673020e+02 
 2.478368e+00 6.156615e-01 2.440420e+02 2.740636e+02 
 2.495821e+00 6.018150e-01 2.150208e+02 2.800741e+02 
 2.513274e+00 5.877853e-01 1.854102e+02 2.853170e+02 
 2.530727e+00 5.735764e-01 1.552914e+02 2.897777e+02 
 2.548181e+00 5.591929e-01 1.247470e+02 2.934443e+02 
 2.565634e+00 5.446390e-01 9.386068e+01 2.963065e+02 
 2.583087e+00 5.299193e-01 6.271708e+01 2.983566e+02 
 2.600541e+00 5.150381e-01 3.140157e+01 2.995889e+02 
 2.617994e+00 5.000000e-01 4.446947e-12 3.000000e+02 
 2.635447e+00 4.848096e-01 -3.140157e+01 2.995889e+02 
 2.652900e+00 4.694716e-01 -6.271708e+01 2.983566e+02 
 2.670354e+00 4.539905e-01 -9.386068e+01 2.963065e+02 
 2.687807e+00 4.383711e-01 -1.247470e+02 2.934443e+02 
 2.705260e+00 4.226183e-01 -1.552914e+02 2.897777e+02 
 2.722714e+00 4.067366e-01 -1.854102e+02 2.853170e+02 
 2.740167e+00 3.907311e-01 -2.150208e+02 2.800741e+02 
 2.757620e+00 3.746066e-01 -2.440420e+02 2.740636e+02 
 2.775074e+00 3.583679e-01 -2.723943e+02 2.673020e+02 
 2.792527e+00 3.420201e-01 -3.000000e+02 2.598076e+02 
 2.809980e+00 3.255682e-01 -3.267834e+02 2.516012e+02 
 2.827433e+00 3.090170e-01 -3.526712e+02 2.427051e+02 
 2.844887e+00 2.923717e-01 -3.775922e+02 2.331438e+02 
 2.862340e+00 2.756374e-01 -4.014784e+02 2.229434e+02 
 2.879793e+00 2.588190e-01 -4.242641e+02 2.121320e+02 
 2.897247e+00 2.419219e-01 -4.458869e+02 2.007392e+02 
 2.914700e+00 2.249511e-01 -4.662876e+02 1.887961e+02 
 2.932153e+00 2.079117e-01 -4.854102e+02 1.763356e+02 
 2.949606e+00 1.908090e-01 -5.032023e+02 1.633917e+02 
 2.967060e+00 1.736482e-01 -5.196152e+02 1.500000e+02 
 2.984513e+00 1.564345e-01 -5.346039e+02 1.361971e+02 
 3.001966e+00 1.391731e-01 -5.481273e+02 1.220210e+02 
 3.019420e+00 1.218693e-01 -5.601483e+02 1.075104e+02 
 3.036873e+00 1.045285e-01 -5.706339e+02 9.270510e+01 
 3.054326e+00 8.715574e-02 -5.795555e+02 7.764571e+01 
 3.071779e+00 6.975647e-02 -5.868886e+02 6.237351e+01 
 3.089233e+00 5.233596e-02 -5.926130e+02 4.693034e+01 
 3.106686e+00 3.489950e-02 -5.967131e+02 3.135854e+01 
 3.124139e+00 1.745241e-02 -5.991777e+02 1.570079e+01 
 3.141593e+00 3.231085e-15 -6.000000e+02 2.774750e-12 
 3.159046e+00 -1.745241e-02 -5.991777e+02 -1.570079e+01 
 3.176499e+00 -3.489950e-02 -5.967131e+02 -3.135854e+01 
 3.193953e+00 -5.233596e-02 -5.926130e+02 -4.693034e+01 
 3.211406e+00 -6.975647e-02 -5.868886e+02 -6.237351e+01 
 3.228859e+00 -8.715574e-02 -5.795555e+02 -7.764571e+01 
 3.246312e+00 -1.045285e-01 -5.706339e+02 -9.270510e+01 
 3.263766e+00 -1.218693e-01 -5.601483e+02 -1.075104e+02 
 3.281219e+00 -1.391731e-01 -5.481273e+02 -1.220210e+02 
 3.298672e+00 -1.564345e-01 -5.346039e+02 -1.361971e+02 
 3.316126e+00 -1.736482e-01 -5.196152e+02 -1.500000e+02 
 3.333579e+00 -1.908090e-01 -5.032023e+02 -1.633917e+02 
 3.351032e+00 -2.079117e-01 -4.854102e+02 -1.763356e+02 
 3.368485e+00 -2.249511e-01 -4.662876e+02 -1.887961e+02 
 3.385939e+00 -2.419219e-01 -4.458869e+02 -2.007392e+02 
 3.403392e+00 -2.588190e-01 -4.242641e+02 -2.121320e+02 
 3.420845e+00 -2.756374e-01 -4.014784e+02 -2.229434e+02 
 3.438299e+00 -2.923717e-01 -3.775922e+02 -2.331438e+02 
 3.455752e+00 -3.090170e-01 -3.526712e+02 -2.427051e+02 
 3.473205e+00 -3.255682e-01 -3.267834e+02 -2.516012e+02 
 3.490659e+00 -3.420201e-01 -3.000000e+02 -2.598076e+02 
 3.508112e+00 -3.583679e-01 -2.723943e+02 -2.673020e+02 
 3.525565e+00 -3.746066e-01 -2.440420e+02 -2.740636e+02 
 3.543018e+00 -3.907311e-01 -2.150208e+02 -2.800741e+02 
 3.560472e+00 -4.067366e-01 -1.854102e+02 -2.853170e+02 
 3.577925e+00 -4.226183e-01 -1.552914e+02 -2.897777e+02 
 3.595378e+00 -4.383711e-01 -1.247470e+02 -2.934443e+02 
 3.612832e+00 -4.539905e-01 -9.386068e+01 -2.963065e+02 
 3.630285e+00 -4.694716e-01 -6.271708e+01 -2.983566e+02 
 3.647738e+00 -4.848096e-01 -3.140157e+01 -2.995889e+02 
 3.665191e+00 -5.000000e-01 -6.652052e-12 -3.000000e+02 
 3.682645e+00 -5.150381e-01 3.140157e+01 -2.995889e+02 
 3.700098e+00 -5.299193e-01 6.271708e+01 -2.983566e+02 
 3.717551e+00 -5.446390e-01 9.386068e+01 -2.963065e+02 
 3.735005e+00 -5.591929e-01 1.247470e+02 -2.934443e+02 
 3.752458e+00 -5.735764e-01 1.552914e+02 -2.897777e+02 
 3.769911e+00 -5.877853e-01 1.854102e+02 -2.853170e+02 
 3.787364e+00 -6.018150e-01 2.150208e+02 -2.800741e+02 
 3.804818e+00 -6.156615e-01 2.440420e+02 -2.740636e+02 
 3.822271e+00 -6.293204e-01 2.723943e+02 -2.673020e+02 
 3.839724e+00 -6.427876e-01 3.000000e+02 -2.598076e+02 
 3.857178e+00 -6.560590e-01 3.267834e+02 -2.516012e+02 
 3.874631e+00 -6.691306e-01 3.526712e+02 -2.427051e+02 
 3.892084e+00 -6.819984e-01 3.775922e+02 -2.331438e+02 
 3.909538e+00 -6.946584e-01 4.014784e+02 -2.229434e+02 
 3.926991e+00 -7.071068e-01 4.242641e+02 -2.121320e+02 
 3.944444e+00 -7.193398e-01 4.458869e+02 -2.007392e+02 
 3.961897e+00 -7.313537e-01 4.662876e+02 -1.887961e+02 
 3.979351e+00 -7.431448e-01 4.854102e+02 -1.763356e+02 
 3.996804e+00 -7.547096e-01 5.032023e+02 -1.633917e+02 
 4.014257e+00 -7.660444e-01 5.196152e+02 -1.500000e+02 
 4.031711e+00 -7.771460e-01 5.346039e+02 -1.361971e+02 
 4.049164e+00 -7.880108e-01 5.481273e+02 -1.220210e+02 
 4.066617e+00 -7.986355e-01 5.601483e+02 -1.075104e+02 
 4.084070e+00 -8.090170e-01 5.706339e+02 -9.270510e+01 
 4.101524e+00 -8.191520e-01 5.795555e+02 -7.764571e+01 
 4.118977e+00 -8.290376e-01 5.868886e+02 -6.237351e+01 
 4.136430e+00 -8.386706e-01 5.926130e+02 -4.693034e+01 
 4.153884e+00 -8.480481e-01 5.967131e+02 -3.135854e+01 
 4.171337e+00 -8.571673e-01 5.991777e+02 -1.570079e+01 
 4.188790e+00 -8.660254e-01 6.000000e+02 -3.344395e-12 
 4.206243e+00 -8.746197e-01 5.991777e+02 1.570079e+01 
 4.223697e+00 -8.829476e-01 5.967131e+02 3.135854e+01 
 4.241150e+00 -8.910065e-01 5.926130e+02 4.693034e+01 
 4.258603e+00 -8.987940e-01 5.868886e+02 6.237351e+01 
 4.276057e+00 -9.063078e-01 5.795555e+02 7.764571e+01 
 4.293510e+00 -9.135455e-01 5.706339e+02 9.270510e+01 
 4.310963e+00 -9.205049e-01 5.601483e+02 1.075104e+02 
 4.328417e+00 -9.271839e-01 5.481273e+02 1.220210e+02 
 4.345870e+00 -9.335804e-01 5.346039e+02 1.361971e+02 
 4.363323e+00 -9.396926e-01 5.196152e+02 1.500000e+02 
 4.380776e+00 -9.455186e-01 5.032023e+02 1.633917e+02 
 4.398230e+00 -9.510565e-01 4.854102e+02 1.763356e+02 
 4.415683e+00 -9.563048e-01 4.662876e+02 1.887961e+02 
 4.433136e+00 -9.612617e-01 4.458869e+02 2.007392e+02 
 4.450590e+00 -9.659258e-01 4.242641e+02 2.121320e+02 
 4.468043e+00 -9.702957e-01 4.014784e+02 2.229434e+02 
 4.485496e+00 -9.743701e-01 3.775922e+02 2.331438e+02 
 4.502949e+00 -9.781476e-01 3.526712e+02 2.427051e+02 
 4.520403e+00 -9.816272e-01 3.267834e+02 2.516012e+02 
 4.537856e+00 -9.848078e-01 3.000000e+02 2.598076e+02 
 4.555309e+00 -9.876883e-01 2.723943e+02 2.673020e+02 
 4.572763e+00 -9.902681e-01 2.440420e+02 2.740636e+02 
 4.590216e+00 -9.925462e-01 2.150208e+02 2.800741e+02 
 4.607669e+00 -9.945219e-01 1.854102e+02 2.853170e+02 
 4.625123e+00 -9.961947e-01 1.552914e+02 2.897777e+02 
 4.642576e+00 -9.975641e-01 1.247470e+02 2.934443e+02 
 4.660029e+00 -9.986295e-01 9.386068e+01 2.963065e+02 
 4.677482e+00 -9.993908e-01 6.271708e+01 2.983566e+02 
 4.694936e+00 -9.998477e-01 3.140157e+01 2.995889e+02 
 4.712389e+00 -1.000000e+00 7.791342e-12 3.000000e+02 
 4.729842e+00 -9.998477e-01 -3.140157e+01 2.995889e+02 
 4.747296e+00 -9.993908e-01 -6.271708e+01 2.983566e+02 
 4.764749e+00 -9.986295e-01 -9.386068e+01 2.963065e+02 
 4.782202e+00 -9.975641e-01 -1.247470e+02 2.934443e+02 
 4.799655e+00 -9.961947e-01 -1.552914e+02 2.897777e+02 
 4.817109e+00 -9.945219e-01 -1.854102e+02 2.853170e+02 
 4.834562e+00 -9.925462e-01 -2.150208e+02 2.800741e+02 
 4.852015e+00 -9.902681e-01 -2.440420e+02 2.740636e+02 
 4.869469e+00 -9.876883e-01 -2.723943e+02 2.673020e+02 
 4.886922e+00 -9.848078e-01 -3.000000e+02 2.598076e+02 
 4.904375e+00 -9.816272e-01 -3.267834e+02 2.516012e+02 
 4.921828e+00 -9.781476e-01 -3.526712e+02 2.427051e+02 
 4.939282e+00 -9.743701e-01 -3.775922e+02 2.331438e+02 
 4.956735e+00 -9.702957e-01 -4.014784e+02 2.229434e+02 
 4.974188e+00 -9.659258e-01 -4.242641e+02 2.121320e+02 
 4.991642e+00 -9.612617e-01 -4.458869e+02 2.007392e+02 
 5.009095e+00 -9.563048e-01 -4.662876e+02 1.887961e+02 
 5.026548e+00 -9.510565e-01 -4.854102e+02 1.763356e+02 
 5.044002e+00 -9.455186e-01 -5.032023e+02 1.633917e+02 
 5.061455e+00 -9.396926e-01 -5.196152e+02 1.500000e+02 
 5.078908e+00 -9.335804e-01 -5.346039e+02 1.361971e+02 
 5.096361e+00 -9.271839e-01 -5.481273e+02 1.220210e+02 
 5.113815e+00 -9.205049e-01 -5.601483e+02 1.075104e+02 
 5.131268e+00 -9.135455e-01 -5.706339e+02 9.270510e+01 
 5.148721e+00 -9.063078e-01 -5.795555e+02 7.764571e+01 
 5.166175e+00 -8.987940e-01 -5.868886e+02 6.237351e+01 
 5.183628e+00 -8.910065e-01 -5.926130e+02 4.693034e+01 
 5.201081e+00 -8.829476e-01 -5.967131e+02 3.135854e+01 
 5.218534e+00 -8.746197e-01 -5.991777e+02 1.570079e+01 
 5.235988e+00 -8.660254e-01 -6.000000e+02 4.446947e-12 
 5.253441e+00 -8.571673e-01 -5.991777e+02 -1.570079e+01 
 5.270894e+00 -8.480481e-01 -5.967131e+02 -3.135854e+01 
 5.288348e+00 -8.386706e-01 -5.926130e+02 -4.693034e+01 
 5.305801e+00 -8.290376e-01 -5.868886e+02 -6.237351e+01 
 5.323254e+00 -8.191520e-01 -5.795555e+02 -7.764571e+01 
 5.340708e+00 -8.090170e-01 -5.706339e+02 -9.270510e+01 
 5.358161e+00 -7.986355e-01 -5.601483e+02 -1.075104e+02 
 5.375614e+00 -7.880108e-01 -5.481273e+02 -1.220210e+02 
 5.393067e+00 -7.771460e-01 -5.346039e+02 -1.361971e+02 
 5.410521e+00 -7.660444e-01 -5.196152e+02 -1.500000e+02 
 5.427974e+00 -7.547096e-01 -5.032023e+02 -1.633917e+02 
 5.445427e+00 -7.431448e-01 -4.854102e+02 -1.763356e+02 
 5.462881e+00 -7.313537e-01 -4.662876e+02 -1.887961e+02 
 5.480334e+00 -7.193398e-01 -4.458869e+02 -2.007392e+02 
 5.497787e+00 -7.071068e-01 -4.242641e+02 -2.121320e+02 
 5.515240e+00 -6.946584e-01 -4.014784e+02 -2.229434e+02 
 5.532694e+00 -6.819984e-01 -3.775922e+02 -2.331438e+02 
 5.550147e+00 -6.691306e-01 -3.526712e+02 -2.427051e+02 
 5.567600e+00 -6.560590e-01 -3.267834e+02 -2.516012e+02 
 5.585054e+00 -6.427876e-01 -3.000000e+02 -2.598076e+02 
 5.602507e+00 -6.293204e-01 -2.723943e+02 -2.673020e+02 
 5.619960e+00 -6.156615e-01 -2.440420e+02 -2.740636e+02 
 5.637413e+00 -6.018150e-01 -2.150208e+02 -2.800741e+02 
 5.654867e+00 -5.877853e-01 -1.854102e+02 -2.853170e+02 
 5.672320e+00 -5.735764e-01 -1.552914e+02 -2.897777e+02 
 5.689773e+00 -5.591929e-01 -1.247470e+02 -2.934443e+02 
 5.707227e+00 -5.446390e-01 -9.386068e+01 -2.963065e+02 
 5.724680e+00 -5.299193e-01 -6.271708e+01 -2.983566e+02 
 5.742133e+00 -5.150381e-01 -3.140157e+01 -2.995889e+02 
 5.759587e+00 -5.000000e-01 -9.996447e-12 -3.000000e+02 
 5.777040e+00 -4.848096e-01 3.140157e+01 -2.995889e+02 
 5.794493e+00 -4.694716e-01 6.271708e+01 -2.983566e+02 
 5.811946e+00 -4.539905e-01 9.386068e+01 -2.963065e+02 
 5.829400e+00 -4.383711e-01 1.247470e+02 -2.934443e+02 
 5.846853e+00 -4.226183e-01 1.552914e+02 -2.897777e+02 
 5.864306e+00 -4.067366e-01 1.854102e+02 -2.853170e+02 
 5.881760e+00 -3.907311e-01 2.150208e+02 -2.800741e+02 
 5.899213e+00 -3.746066e-01 2.440420e+02 -2.740636e+02 
 5.916666e+00 -3.583679e-01 2.723943e+02 -2.673020e+02 
 5.934119e+00 -3.420201e-01 3.000000e+02 -2.598076e+02 
 5.951573e+00 -3.255682e-01 3.267834e+02 -2.516012e+02 
 5.969026e+00 -3.090170e-01 3.526712e+02 -2.427051e+02 
 5.986479e+00 -2.923717e-01 3.775922e+02 -2.331438e+02 
 6.003933e+00 -2.756374e-01 4.014784e+02 -2.229434e+02 
 6.021386e+00 -2.588190e-01 4.242641e+02 -2.121320e+02 
 6.038839e+00 -2.419219e-01 4.458869e+02 -2.007392e+02 
 6.056293e+00 -2.249511e-01 4.662876e+02 -1.887961e+02 
 6.073746e+00 -2.079117e-01 4.854102e+02 -1.763356e+02 
 6.091199e+00 -1.908090e-01 5.032023e+02 -1.633917e+02 
 6.108652e+00 -1.736482e-01 5.196152e+02 -1.500000e+02 
 6.126106e+00 -1.564345e-01 5.346039e+02 -1.361971e+02 
 6.143559e+00 -1.391731e-01 5.481273e+02 -1.220210e+02 
 6.161012e+00 -1.218693e-01 5.601483e+02 -1.075104e+02 
 6.178466e+00 -1.045285e-01 5.706339e+02 -9.270510e+01 
 6.195919e+00 -8.715574e-02 5.795555e+02 -7.764571e+01 
 6.213372e+00 -6.975647e-02 5.868886e+02 -6.237351e+01 
 6.230825e+00 -5.233596e-02 5.926130e+02 -4.693034e+01 
 6.248279e+00 -3.489950e-02 5.967131e+02 -3.135854e+01 