#
#   cylinder center (-150, 0, 155)
#            radius (20), height (300)
#
#
color darkgrey
#
face
	-1.500000e+02	2.000000e+01	3.050000e+02
	-1.576537e+02	1.847759e+01	3.050000e+02
	-1.641421e+02	1.414214e+01	3.050000e+02
	-1.684776e+02	7.653669e+00	3.050000e+02
	-1.700000e+02	1.224606e-15	3.050000e+02
	-1.684776e+02	-7.653669e+00	3.050000e+02
	-1.641421e+02	-1.414214e+01	3.050000e+02
	-1.576537e+02	-1.847759e+01	3.050000e+02
	-1.500000e+02	-2.000000e+01	3.050000e+02
	-1.423463e+02	-1.847759e+01	3.050000e+02
	-1.358579e+02	-1.414214e+01	3.050000e+02
	-1.315224e+02	-7.653669e+00	3.050000e+02
	-1.300000e+02	-3.673819e-15	3.050000e+02
	-1.315224e+02	7.653669e+00	3.050000e+02
	-1.358579e+02	1.414214e+01	3.050000e+02
	-1.423463e+02	1.847759e+01	3.050000e+02
endf
#
face
	-1.500000e+02	2.000000e+01	5.000000e+00
	-1.423463e+02	1.847759e+01	5.000000e+00
	-1.358579e+02	1.414214e+01	5.000000e+00
	-1.315224e+02	7.653669e+00	5.000000e+00
	-1.300000e+02	1.224606e-15	5.000000e+00
	-1.315224e+02	-7.653669e+00	5.000000e+00
	-1.358579e+02	-1.414214e+01	5.000000e+00
	-1.423463e+02	-1.847759e+01	5.000000e+00
	-1.500000e+02	-2.000000e+01	5.000000e+00
	-1.576537e+02	-1.847759e+01	5.000000e+00
	-1.641421e+02	-1.414214e+01	5.000000e+00
	-1.684776e+02	-7.653669e+00	5.000000e+00
	-1.700000e+02	-3.673819e-15	5.000000e+00
	-1.684776e+02	7.653669e+00	5.000000e+00
	-1.641421e+02	1.414214e+01	5.000000e+00
	-1.576537e+02	1.847759e+01	5.000000e+00
endf
#
face
	-1.500000e+02	2.000000e+01	3.050000e+02
	-1.500000e+02	2.000000e+01	5.000000e+00
	-1.576537e+02	1.847759e+01	5.000000e+00
	-1.576537e+02	1.847759e+01	3.050000e+02
endf
#
face
	-1.576537e+02	1.847759e+01	3.050000e+02
	-1.576537e+02	1.847759e+01	5.000000e+00
	-1.641421e+02	1.414214e+01	5.000000e+00
	-1.641421e+02	1.414214e+01	3.050000e+02
endf
#
face
	-1.641421e+02	1.414214e+01	3.050000e+02
	-1.641421e+02	1.414214e+01	5.000000e+00
	-1.684776e+02	7.653669e+00	5.000000e+00
	-1.684776e+02	7.653669e+00	3.050000e+02
endf
#
face
	-1.684776e+02	7.653669e+00	3.050000e+02
	-1.684776e+02	7.653669e+00	5.000000e+00
	-1.700000e+02	1.224606e-15	5.000000e+00
	-1.700000e+02	1.224606e-15	3.050000e+02
endf
#
face
	-1.700000e+02	1.224606e-15	3.050000e+02
	-1.700000e+02	1.224606e-15	5.000000e+00
	-1.684776e+02	-7.653669e+00	5.000000e+00
	-1.684776e+02	-7.653669e+00	3.050000e+02
endf
#
face
	-1.684776e+02	-7.653669e+00	3.050000e+02
	-1.684776e+02	-7.653669e+00	5.000000e+00
	-1.641421e+02	-1.414214e+01	5.000000e+00
	-1.641421e+02	-1.414214e+01	3.050000e+02
endf
#
face
	-1.641421e+02	-1.414214e+01	3.050000e+02
	-1.641421e+02	-1.414214e+01	5.000000e+00
	-1.576537e+02	-1.847759e+01	5.000000e+00
	-1.576537e+02	-1.847759e+01	3.050000e+02
endf
#
face
	-1.576537e+02	-1.847759e+01	3.050000e+02
	-1.576537e+02	-1.847759e+01	5.000000e+00
	-1.500000e+02	-2.000000e+01	5.000000e+00
	-1.500000e+02	-2.000000e+01	3.050000e+02
endf
#
face
	-1.500000e+02	-2.000000e+01	3.050000e+02
	-1.500000e+02	-2.000000e+01	5.000000e+00
	-1.423463e+02	-1.847759e+01	5.000000e+00
	-1.423463e+02	-1.847759e+01	3.050000e+02
endf
#
face
	-1.423463e+02	-1.847759e+01	3.050000e+02
	-1.423463e+02	-1.847759e+01	5.000000e+00
	-1.358579e+02	-1.414214e+01	5.000000e+00
	-1.358579e+02	-1.414214e+01	3.050000e+02
endf
#
face
	-1.358579e+02	-1.414214e+01	3.050000e+02
	-1.358579e+02	-1.414214e+01	5.000000e+00
	-1.315224e+02	-7.653669e+00	5.000000e+00
	-1.315224e+02	-7.653669e+00	3.050000e+02
endf
#
face
	-1.315224e+02	-7.653669e+00	3.050000e+02
	-1.315224e+02	-7.653669e+00	5.000000e+00
	-1.300000e+02	-3.673819e-15	5.000000e+00
	-1.300000e+02	-3.673819e-15	3.050000e+02
endf
#
face
	-1.300000e+02	-3.673819e-15	3.050000e+02
	-1.300000e+02	-3.673819e-15	5.000000e+00
	-1.315224e+02	7.653669e+00	5.000000e+00
	-1.315224e+02	7.653669e+00	3.050000e+02
endf
#
face
	-1.315224e+02	7.653669e+00	3.050000e+02
	-1.315224e+02	7.653669e+00	5.000000e+00
	-1.358579e+02	1.414214e+01	5.000000e+00
	-1.358579e+02	1.414214e+01	3.050000e+02
endf
#
face
	-1.358579e+02	1.414214e+01	3.050000e+02
	-1.358579e+02	1.414214e+01	5.000000e+00
	-1.423463e+02	1.847759e+01	5.000000e+00
	-1.423463e+02	1.847759e+01	3.050000e+02
endf
#
face
	-1.423463e+02	1.847759e+01	3.050000e+02
	-1.423463e+02	1.847759e+01	5.000000e+00
	-1.500000e+02	2.000000e+01	5.000000e+00
	-1.500000e+02	2.000000e+01	3.050000e+02
endf
#
