#
#   cylinder center (0, -35, 320)
#            radius (2.5), height (130)
#
#
color black
#
face
	3.979971e-15	-3.250000e+01	3.850000e+02
	-2.377641e+00	-3.422746e+01	3.850000e+02
	-1.469463e+00	-3.702254e+01	3.850000e+02
	1.469463e+00	-3.702254e+01	3.850000e+02
	2.377641e+00	-3.422746e+01	3.850000e+02
endf
#
face
	-3.979971e-15	-3.250000e+01	2.550000e+02
	2.377641e+00	-3.422746e+01	2.550000e+02
	1.469463e+00	-3.702254e+01	2.550000e+02
	-1.469463e+00	-3.702254e+01	2.550000e+02
	-2.377641e+00	-3.422746e+01	2.550000e+02
endf
#
face
	3.979971e-15	-3.250000e+01	3.850000e+02
	-3.979971e-15	-3.250000e+01	2.550000e+02
	-2.377641e+00	-3.422746e+01	2.550000e+02
	-2.377641e+00	-3.422746e+01	3.850000e+02
endf
#
face
	-2.377641e+00	-3.422746e+01	3.850000e+02
	-2.377641e+00	-3.422746e+01	2.550000e+02
	-1.469463e+00	-3.702254e+01	2.550000e+02
	-1.469463e+00	-3.702254e+01	3.850000e+02
endf
#
face
	-1.469463e+00	-3.702254e+01	3.850000e+02
	-1.469463e+00	-3.702254e+01	2.550000e+02
	1.469463e+00	-3.702254e+01	2.550000e+02
	1.469463e+00	-3.702254e+01	3.850000e+02
endf
#
face
	1.469463e+00	-3.702254e+01	3.850000e+02
	1.469463e+00	-3.702254e+01	2.550000e+02
	2.377641e+00	-3.422746e+01	2.550000e+02
	2.377641e+00	-3.422746e+01	3.850000e+02
endf
#
face
	2.377641e+00	-3.422746e+01	3.850000e+02
	2.377641e+00	-3.422746e+01	2.550000e+02
	-3.367667e-15	-3.250000e+01	2.550000e+02
	4.592274e-15	-3.250000e+01	3.850000e+02
endf
#
