#
#  rectanglar center (0, 0, 0)
#             length (500, 300, 10)
#
color grey
#
face
	2.500000e+02	1.500000e+02	5.000000e+00
	-2.500000e+02	1.500000e+02	5.000000e+00
	-2.500000e+02	-1.500000e+02	5.000000e+00
	2.500000e+02	-1.500000e+02	5.000000e+00
endf
#
face
	2.500000e+02	1.500000e+02	-5.000000e+00
	2.500000e+02	-1.500000e+02	-5.000000e+00
	-2.500000e+02	-1.500000e+02	-5.000000e+00
	-2.500000e+02	1.500000e+02	-5.000000e+00
endf
#
face
	2.500000e+02	1.500000e+02	5.000000e+00
	2.500000e+02	1.500000e+02	-5.000000e+00
	-2.500000e+02	1.500000e+02	-5.000000e+00
	-2.500000e+02	1.500000e+02	5.000000e+00
endf
#
face
	2.500000e+02	-1.500000e+02	5.000000e+00
	-2.500000e+02	-1.500000e+02	5.000000e+00
	-2.500000e+02	-1.500000e+02	-5.000000e+00
	2.500000e+02	-1.500000e+02	-5.000000e+00
endf
#
face
	2.500000e+02	1.500000e+02	5.000000e+00
	2.500000e+02	-1.500000e+02	5.000000e+00
	2.500000e+02	-1.500000e+02	-5.000000e+00
	2.500000e+02	1.500000e+02	-5.000000e+00
endf
#
face
	-2.500000e+02	1.500000e+02	5.000000e+00
	-2.500000e+02	1.500000e+02	-5.000000e+00
	-2.500000e+02	-1.500000e+02	-5.000000e+00
	-2.500000e+02	-1.500000e+02	5.000000e+00
endf
#
