#
#  rectanglar center (0, 0, 330)
#             length (400, 60, 60)
#
color lightgrey
#
face
	2.000000e+02	3.000000e+01	3.600000e+02
	-2.000000e+02	3.000000e+01	3.600000e+02
	-2.000000e+02	-3.000000e+01	3.600000e+02
	2.000000e+02	-3.000000e+01	3.600000e+02
endf
#
face
	2.000000e+02	3.000000e+01	3.000000e+02
	2.000000e+02	-3.000000e+01	3.000000e+02
	-2.000000e+02	-3.000000e+01	3.000000e+02
	-2.000000e+02	3.000000e+01	3.000000e+02
endf
#
face
	2.000000e+02	3.000000e+01	3.600000e+02
	2.000000e+02	3.000000e+01	3.000000e+02
	-2.000000e+02	3.000000e+01	3.000000e+02
	-2.000000e+02	3.000000e+01	3.600000e+02
endf
#
face
	2.000000e+02	-3.000000e+01	3.600000e+02
	-2.000000e+02	-3.000000e+01	3.600000e+02
	-2.000000e+02	-3.000000e+01	3.000000e+02
	2.000000e+02	-3.000000e+01	3.000000e+02
endf
#
face
	2.000000e+02	3.000000e+01	3.600000e+02
	2.000000e+02	-3.000000e+01	3.600000e+02
	2.000000e+02	-3.000000e+01	3.000000e+02
	2.000000e+02	3.000000e+01	3.000000e+02
endf
#
face
	-2.000000e+02	3.000000e+01	3.600000e+02
	-2.000000e+02	3.000000e+01	3.000000e+02
	-2.000000e+02	-3.000000e+01	3.000000e+02
	-2.000000e+02	-3.000000e+01	3.600000e+02
endf
#
