#
#   cylinder center (0, -12, 377)
#            radius (20), height (40)
#
#
color pink
#
face
	2.449213e-15	-3.200000e+01	3.570000e+02
	7.653669e+00	-3.200000e+01	3.585224e+02
	1.414214e+01	-3.200000e+01	3.628579e+02
	1.847759e+01	-3.200000e+01	3.693463e+02
	2.000000e+01	-3.200000e+01	3.770000e+02
	1.847759e+01	-3.200000e+01	3.846537e+02
	1.414214e+01	-3.200000e+01	3.911421e+02
	7.653669e+00	-3.200000e+01	3.954776e+02
	2.449213e-15	-3.200000e+01	3.970000e+02
	-7.653669e+00	-3.200000e+01	3.954776e+02
	-1.414214e+01	-3.200000e+01	3.911421e+02
	-1.847759e+01	-3.200000e+01	3.846537e+02
	-2.000000e+01	-3.200000e+01	3.770000e+02
	-1.847759e+01	-3.200000e+01	3.693463e+02
	-1.414214e+01	-3.200000e+01	3.628579e+02
	-7.653669e+00	-3.200000e+01	3.585224e+02
endf
#
face
	0.000000e+00	8.000000e+00	3.570000e+02
	-7.653669e+00	8.000000e+00	3.585224e+02
	-1.414214e+01	8.000000e+00	3.628579e+02
	-1.847759e+01	8.000000e+00	3.693463e+02
	-2.000000e+01	8.000000e+00	3.770000e+02
	-1.847759e+01	8.000000e+00	3.846537e+02
	-1.414214e+01	8.000000e+00	3.911421e+02
	-7.653669e+00	8.000000e+00	3.954776e+02
	-4.898425e-15	8.000000e+00	3.970000e+02
	7.653669e+00	8.000000e+00	3.954776e+02
	1.414214e+01	8.000000e+00	3.911421e+02
	1.847759e+01	8.000000e+00	3.846537e+02
	2.000000e+01	8.000000e+00	3.770000e+02
	1.847759e+01	8.000000e+00	3.693463e+02
	1.414214e+01	8.000000e+00	3.628579e+02
	7.653669e+00	8.000000e+00	3.585224e+02
endf
#
face
	2.449213e-15	-3.200000e+01	3.570000e+02
	0.000000e+00	8.000000e+00	3.570000e+02
	7.653669e+00	8.000000e+00	3.585224e+02
	7.653669e+00	-3.200000e+01	3.585224e+02
endf
#
face
	7.653669e+00	-3.200000e+01	3.585224e+02
	7.653669e+00	8.000000e+00	3.585224e+02
	1.414214e+01	8.000000e+00	3.628579e+02
	1.414214e+01	-3.200000e+01	3.628579e+02
endf
#
face
	1.414214e+01	-3.200000e+01	3.628579e+02
	1.414214e+01	8.000000e+00	3.628579e+02
	1.847759e+01	8.000000e+00	3.693463e+02
	1.847759e+01	-3.200000e+01	3.693463e+02
endf
#
face
	1.847759e+01	-3.200000e+01	3.693463e+02
	1.847759e+01	8.000000e+00	3.693463e+02
	2.000000e+01	8.000000e+00	3.770000e+02
	2.000000e+01	-3.200000e+01	3.770000e+02
endf
#
face
	2.000000e+01	-3.200000e+01	3.770000e+02
	2.000000e+01	8.000000e+00	3.770000e+02
	1.847759e+01	8.000000e+00	3.846537e+02
	1.847759e+01	-3.200000e+01	3.846537e+02
endf
#
face
	1.847759e+01	-3.200000e+01	3.846537e+02
	1.847759e+01	8.000000e+00	3.846537e+02
	1.414214e+01	8.000000e+00	3.911421e+02
	1.414214e+01	-3.200000e+01	3.911421e+02
endf
#
face
	1.414214e+01	-3.200000e+01	3.911421e+02
	1.414214e+01	8.000000e+00	3.911421e+02
	7.653669e+00	8.000000e+00	3.954776e+02
	7.653669e+00	-3.200000e+01	3.954776e+02
endf
#
face
	7.653669e+00	-3.200000e+01	3.954776e+02
	7.653669e+00	8.000000e+00	3.954776e+02
	0.000000e+00	8.000000e+00	3.970000e+02
	2.449213e-15	-3.200000e+01	3.970000e+02
endf
#
face
	2.449213e-15	-3.200000e+01	3.970000e+02
	0.000000e+00	8.000000e+00	3.970000e+02
	-7.653669e+00	8.000000e+00	3.954776e+02
	-7.653669e+00	-3.200000e+01	3.954776e+02
endf
#
face
	-7.653669e+00	-3.200000e+01	3.954776e+02
	-7.653669e+00	8.000000e+00	3.954776e+02
	-1.414214e+01	8.000000e+00	3.911421e+02
	-1.414214e+01	-3.200000e+01	3.911421e+02
endf
#
face
	-1.414214e+01	-3.200000e+01	3.911421e+02
	-1.414214e+01	8.000000e+00	3.911421e+02
	-1.847759e+01	8.000000e+00	3.846537e+02
	-1.847759e+01	-3.200000e+01	3.846537e+02
endf
#
face
	-1.847759e+01	-3.200000e+01	3.846537e+02
	-1.847759e+01	8.000000e+00	3.846537e+02
	-2.000000e+01	8.000000e+00	3.770000e+02
	-2.000000e+01	-3.200000e+01	3.770000e+02
endf
#
face
	-2.000000e+01	-3.200000e+01	3.770000e+02
	-2.000000e+01	8.000000e+00	3.770000e+02
	-1.847759e+01	8.000000e+00	3.693463e+02
	-1.847759e+01	-3.200000e+01	3.693463e+02
endf
#
face
	-1.847759e+01	-3.200000e+01	3.693463e+02
	-1.847759e+01	8.000000e+00	3.693463e+02
	-1.414214e+01	8.000000e+00	3.628579e+02
	-1.414214e+01	-3.200000e+01	3.628579e+02
endf
#
face
	-1.414214e+01	-3.200000e+01	3.628579e+02
	-1.414214e+01	8.000000e+00	3.628579e+02
	-7.653669e+00	8.000000e+00	3.585224e+02
	-7.653669e+00	-3.200000e+01	3.585224e+02
endf
#
face
	-7.653669e+00	-3.200000e+01	3.585224e+02
	-7.653669e+00	8.000000e+00	3.585224e+02
	-4.898425e-15	8.000000e+00	3.570000e+02
	-2.449213e-15	-3.200000e+01	3.570000e+02
endf
#
