#
#   cylinder center (0, -12, 0)
#            radius (20), height (40)
#
#
d 377
color pink
face
	2.000000e+01	-3.200000e+01	0.000000e+00
	1.847759e+01	-3.200000e+01	7.653669e+00
	1.414214e+01	-3.200000e+01	1.414214e+01
	7.653669e+00	-3.200000e+01	1.847759e+01
	2.449213e-15	-3.200000e+01	2.000000e+01
	-7.653669e+00	-3.200000e+01	1.847759e+01
	-1.414214e+01	-3.200000e+01	1.414214e+01
	-1.847759e+01	-3.200000e+01	7.653669e+00
	-2.000000e+01	-3.200000e+01	2.449213e-15
	-1.847759e+01	-3.200000e+01	-7.653669e+00
	-1.414214e+01	-3.200000e+01	-1.414214e+01
	-7.653669e+00	-3.200000e+01	-1.847759e+01
	-2.449213e-15	-3.200000e+01	-2.000000e+01
	7.653669e+00	-3.200000e+01	-1.847759e+01
	1.414214e+01	-3.200000e+01	-1.414214e+01
	1.847759e+01	-3.200000e+01	-7.653669e+00
endf
#
face
	2.000000e+01	8.000000e+00	0.000000e+00
	1.847759e+01	8.000000e+00	-7.653669e+00
	1.414214e+01	8.000000e+00	-1.414214e+01
	7.653669e+00	8.000000e+00	-1.847759e+01
	0.000000e+00	8.000000e+00	-2.000000e+01
	-7.653669e+00	8.000000e+00	-1.847759e+01
	-1.414214e+01	8.000000e+00	-1.414214e+01
	-1.847759e+01	8.000000e+00	-7.653669e+00
	-2.000000e+01	8.000000e+00	-2.449213e-15
	-1.847759e+01	8.000000e+00	7.653669e+00
	-1.414214e+01	8.000000e+00	1.414214e+01
	-7.653669e+00	8.000000e+00	1.847759e+01
	-4.898425e-15	8.000000e+00	2.000000e+01
	7.653669e+00	8.000000e+00	1.847759e+01
	1.414214e+01	8.000000e+00	1.414214e+01
	1.847759e+01	8.000000e+00	7.653669e+00
endf
#
face
	2.000000e+01	-3.200000e+01	0.000000e+00
	2.000000e+01	8.000000e+00	0.000000e+00
	1.847759e+01	8.000000e+00	7.653669e+00
	1.847759e+01	-3.200000e+01	7.653669e+00
endf
#
face
	1.847759e+01	-3.200000e+01	7.653669e+00
	1.847759e+01	8.000000e+00	7.653669e+00
	1.414214e+01	8.000000e+00	1.414214e+01
	1.414214e+01	-3.200000e+01	1.414214e+01
endf
#
face
	1.414214e+01	-3.200000e+01	1.414214e+01
	1.414214e+01	8.000000e+00	1.414214e+01
	7.653669e+00	8.000000e+00	1.847759e+01
	7.653669e+00	-3.200000e+01	1.847759e+01
endf
#
face
	7.653669e+00	-3.200000e+01	1.847759e+01
	7.653669e+00	8.000000e+00	1.847759e+01
	0.000000e+00	8.000000e+00	2.000000e+01
	2.449213e-15	-3.200000e+01	2.000000e+01
endf
#
face
	2.449213e-15	-3.200000e+01	2.000000e+01
	0.000000e+00	8.000000e+00	2.000000e+01
	-7.653669e+00	8.000000e+00	1.847759e+01
	-7.653669e+00	-3.200000e+01	1.847759e+01
endf
#
face
	-7.653669e+00	-3.200000e+01	1.847759e+01
	-7.653669e+00	8.000000e+00	1.847759e+01
	-1.414214e+01	8.000000e+00	1.414214e+01
	-1.414214e+01	-3.200000e+01	1.414214e+01
endf
#
face
	-1.414214e+01	-3.200000e+01	1.414214e+01
	-1.414214e+01	8.000000e+00	1.414214e+01
	-1.847759e+01	8.000000e+00	7.653669e+00
	-1.847759e+01	-3.200000e+01	7.653669e+00
endf
#
face
	-1.847759e+01	-3.200000e+01	7.653669e+00
	-1.847759e+01	8.000000e+00	7.653669e+00
	-2.000000e+01	8.000000e+00	2.449213e-15
	-2.000000e+01	-3.200000e+01	2.449213e-15
endf
#
face
	-2.000000e+01	-3.200000e+01	2.449213e-15
	-2.000000e+01	8.000000e+00	2.449213e-15
	-1.847759e+01	8.000000e+00	-7.653669e+00
	-1.847759e+01	-3.200000e+01	-7.653669e+00
endf
#
face
	-1.847759e+01	-3.200000e+01	-7.653669e+00
	-1.847759e+01	8.000000e+00	-7.653669e+00
	-1.414214e+01	8.000000e+00	-1.414214e+01
	-1.414214e+01	-3.200000e+01	-1.414214e+01
endf
#
face
	-1.414214e+01	-3.200000e+01	-1.414214e+01
	-1.414214e+01	8.000000e+00	-1.414214e+01
	-7.653669e+00	8.000000e+00	-1.847759e+01
	-7.653669e+00	-3.200000e+01	-1.847759e+01
endf
#
face
	-7.653669e+00	-3.200000e+01	-1.847759e+01
	-7.653669e+00	8.000000e+00	-1.847759e+01
	-4.898425e-15	8.000000e+00	-2.000000e+01
	-2.449213e-15	-3.200000e+01	-2.000000e+01
endf
#
face
	-2.449213e-15	-3.200000e+01	-2.000000e+01
	-4.898425e-15	8.000000e+00	-2.000000e+01
	7.653669e+00	8.000000e+00	-1.847759e+01
	7.653669e+00	-3.200000e+01	-1.847759e+01
endf
#
face
	7.653669e+00	-3.200000e+01	-1.847759e+01
	7.653669e+00	8.000000e+00	-1.847759e+01
	1.414214e+01	8.000000e+00	-1.414214e+01
	1.414214e+01	-3.200000e+01	-1.414214e+01
endf
#
face
	1.414214e+01	-3.200000e+01	-1.414214e+01
	1.414214e+01	8.000000e+00	-1.414214e+01
	1.847759e+01	8.000000e+00	-7.653669e+00
	1.847759e+01	-3.200000e+01	-7.653669e+00
endf
#
face
	1.847759e+01	-3.200000e+01	-7.653669e+00
	1.847759e+01	8.000000e+00	-7.653669e+00
	2.000000e+01	8.000000e+00	-4.898425e-15
	2.000000e+01	-3.200000e+01	-4.898425e-15
endf
#
